# Camera list with one line of data per camera:
2 SIMPLE_RADIAL 1200 1200 1169.1378112995365 600.0 600.0 0.05166475892362613
3 SIMPLE_RADIAL 1200 1200 1169.0599145749886 600.0 600.0 0.04787862960125856
4 SIMPLE_RADIAL 1200 1200 2347.181994059397 600.0 600.0 0.043039926116370746
5 SIMPLE_RADIAL 1200 1200 724.9235273904798 600.0 600.0 -0.01868364391475266
6 SIMPLE_RADIAL 1200 1200 723.304327464021 600.0 600.0 -0.013799508097736718
7 SIMPLE_RADIAL 1200 1200 719.3238077322995 600.0 600.0 -0.0037775916957065348
8 SIMPLE_RADIAL 1200 1200 1176.1795487991972 600.0 600.0 0.05382775806087109
9 SIMPLE_RADIAL 1200 1200 2357.235855767799 600.0 600.0 0.03885309775801593
10 SIMPLE_RADIAL 1200 1200 2356.6108329421745 600.0 600.0 0.03361914497337775
11 SIMPLE_RADIAL 1200 1200 2360.7030439447176 600.0 600.0 0.03263885933488955
12 SIMPLE_RADIAL 1200 1200 1170.5666482262695 600.0 600.0 0.05522817576842279
13 SIMPLE_RADIAL 1200 1200 1170.7452227362721 600.0 600.0 0.05558940713242371
14 SIMPLE_RADIAL 1200 1200 2343.815830077912 600.0 600.0 0.057433636000799176
15 SIMPLE_RADIAL 1200 1200 723.4282114396935 600.0 600.0 -0.029510682381254028
16 SIMPLE_RADIAL 1200 1200 725.3099976664465 600.0 600.0 -0.02331979411266684
17 SIMPLE_RADIAL 1200 1200 723.6563620468553 600.0 600.0 -0.013241665544368316
18 SIMPLE_RADIAL 1200 1200 1168.322673314796 600.0 600.0 0.056248308373765384
19 SIMPLE_RADIAL 1200 1200 1169.8750219867725 600.0 600.0 0.05822821274826607
20 SIMPLE_RADIAL 1200 1200 1169.7025093357688 600.0 600.0 0.038085187055107425
21 SIMPLE_RADIAL 1200 1200 1173.7234195288033 600.0 600.0 0.03927815700255184
23 SIMPLE_RADIAL 1200 1200 2345.387854693107 600.0 600.0 0.04084533406514927
24 SIMPLE_RADIAL 1200 1200 2354.3924026058567 600.0 600.0 0.04354703267131774
25 SIMPLE_RADIAL 1200 1200 2348.981972929889 600.0 600.0 0.042009234352538616
26 SIMPLE_RADIAL 1200 1200 2348.3164748760187 600.0 600.0 0.04925774751288902
27 SIMPLE_RADIAL 1200 1200 2346.690912685895 600.0 600.0 0.039037101070645286
28 SIMPLE_RADIAL 1200 1200 1168.1107014659988 600.0 600.0 0.05128619733692739
29 SIMPLE_RADIAL 1200 1200 723.9483259570331 600.0 600.0 -0.021676797306431173
30 SIMPLE_RADIAL 1200 1200 724.1548610206818 600.0 600.0 -0.01100813984469682
31 SIMPLE_RADIAL 1200 1200 723.9220219876769 600.0 600.0 -0.009163771492485031
32 SIMPLE_RADIAL 1200 1200 722.9429349468672 600.0 600.0 -0.011587345547091479
33 SIMPLE_RADIAL 1200 1200 1170.3426077085257 600.0 600.0 0.06386808539658086
34 SIMPLE_RADIAL 1200 1200 1170.2206262583256 600.0 600.0 0.05228278510950895
35 SIMPLE_RADIAL 1200 1200 1171.8806983441514 600.0 600.0 0.034497603150348465
36 SIMPLE_RADIAL 1200 1200 1168.1810526543773 600.0 600.0 0.05145408439157378
37 SIMPLE_RADIAL 1200 1200 1172.141104236749 600.0 600.0 0.06199074297253886
38 SIMPLE_RADIAL 1200 1200 2372.0484161507225 600.0 600.0 0.04668992597453577
39 SIMPLE_RADIAL 1200 1200 2349.0902288445277 600.0 600.0 0.05064028367518005
40 SIMPLE_RADIAL 1200 1200 2357.070235975662 600.0 600.0 0.042699425040622484
41 SIMPLE_RADIAL 1200 1200 2368.1188809843734 600.0 600.0 0.021590508036050744
42 SIMPLE_RADIAL 1200 1200 2350.428410108178 600.0 600.0 0.045590843405786695
43 SIMPLE_RADIAL 1200 1200 2345.258703425174 600.0 600.0 0.050911040079061685
44 SIMPLE_RADIAL 1200 1200 2343.654888350706 600.0 600.0 0.05540611307984427
45 SIMPLE_RADIAL 1200 1200 2347.794086255141 600.0 600.0 0.0475401700321762
46 SIMPLE_RADIAL 1200 1200 724.5423203491009 600.0 600.0 -0.0214738595124949
47 SIMPLE_RADIAL 1200 1200 729.4306234084092 600.0 600.0 -0.013920579532093386
48 SIMPLE_RADIAL 1200 1200 724.7649018101472 600.0 600.0 -0.013014285827279905
49 SIMPLE_RADIAL 1200 1200 720.5511346470739 600.0 600.0 -0.018420190012944926
50 SIMPLE_RADIAL 1200 1200 1182.6049194828151 600.0 600.0 0.0267615113391994
51 SIMPLE_RADIAL 1200 1200 1178.8364450690367 600.0 600.0 0.03589690634398468
52 SIMPLE_RADIAL 1200 1200 1171.3512557944719 600.0 600.0 0.04675476573470471
53 SIMPLE_RADIAL 1200 1200 1174.2525265391987 600.0 600.0 0.048854842804215794
54 SIMPLE_RADIAL 1200 1200 1189.7519798813528 600.0 600.0 0.03614781363722605
55 SIMPLE_RADIAL 1200 1200 1177.6219905450346 600.0 600.0 0.043850495767776346
56 SIMPLE_RADIAL 1200 1200 1169.4801864617625 600.0 600.0 0.04774011199676668
57 SIMPLE_RADIAL 1200 1200 1169.5556838144182 600.0 600.0 0.03655551121870294
58 SIMPLE_RADIAL 1200 1200 1168.3567030563327 600.0 600.0 0.05990900923270365
59 SIMPLE_RADIAL 1200 1200 1165.6053918090265 600.0 600.0 0.05605911401355634
60 SIMPLE_RADIAL 1200 1200 1177.4512132833102 600.0 600.0 0.05472848465219227
61 SIMPLE_RADIAL 1200 1200 2365.159356440498 600.0 600.0 0.002678631475128124
62 SIMPLE_RADIAL 1200 1200 2359.9143152838674 600.0 600.0 0.05051851363462785
63 SIMPLE_RADIAL 1200 1200 2360.5190576002606 600.0 600.0 0.07417356549611952
64 SIMPLE_RADIAL 1200 1200 2361.095971578809 600.0 600.0 0.018839145404931285
65 SIMPLE_RADIAL 1200 1200 2343.908769544902 600.0 600.0 0.0321528151040333
66 SIMPLE_RADIAL 1200 1200 2353.2983526605976 600.0 600.0 0.0523503010570917
67 SIMPLE_RADIAL 1200 1200 1179.9601092670653 600.0 600.0 0.05082159321447771
68 SIMPLE_RADIAL 1200 1200 1177.9289222917143 600.0 600.0 0.05324178335313492
69 SIMPLE_RADIAL 1200 1200 1187.3929383512748 600.0 600.0 0.03595482106766386
70 SIMPLE_RADIAL 1200 1200 1175.1347772392594 600.0 600.0 0.04541750619522337
71 SIMPLE_RADIAL 1200 1200 1172.7099801573004 600.0 600.0 0.0600499645054055
72 SIMPLE_RADIAL 1200 1200 1179.492487362134 600.0 600.0 0.05288015262327074
73 SIMPLE_RADIAL 1200 1200 1178.865768867198 600.0 600.0 0.043304388025911966
74 SIMPLE_RADIAL 1200 1200 1179.9011071202822 600.0 600.0 0.061131022088166974
75 SIMPLE_RADIAL 1200 1200 1177.1069847844096 600.0 600.0 0.06256669531550073
76 SIMPLE_RADIAL 1200 1200 725.9077109638745 600.0 600.0 -0.01574702087290234
77 SIMPLE_RADIAL 1200 1200 723.0469155243227 600.0 600.0 -0.016901834305213814
78 SIMPLE_RADIAL 1200 1200 1180.835575925706 600.0 600.0 0.048681392285137376
79 SIMPLE_RADIAL 1200 1200 1186.0096960340522 600.0 600.0 0.041480014202918906
80 SIMPLE_RADIAL 1200 1200 1203.8839074674074 600.0 600.0 0.04335094393994877
81 SIMPLE_RADIAL 1200 1200 1170.484052869107 600.0 600.0 0.06580350026344078
82 SIMPLE_RADIAL 1200 1200 2354.443645801322 600.0 600.0 0.06042543678071325
83 SIMPLE_RADIAL 1200 1200 2360.8077880550754 600.0 600.0 0.04038909267961458
84 SIMPLE_RADIAL 1200 1200 2357.0617538125507 600.0 600.0 0.05945431017514311
85 SIMPLE_RADIAL 1200 1200 2380.142623680884 600.0 600.0 -0.037798197497223414
86 SIMPLE_RADIAL 1200 1200 2374.926515945032 600.0 600.0 -0.026440869057521535
87 SIMPLE_RADIAL 1200 1200 2363.894045190502 600.0 600.0 0.03548358339775611
89 SIMPLE_RADIAL 1200 1200 721.4453452186532 600.0 600.0 -0.011434820071368864
90 SIMPLE_RADIAL 1200 1200 729.2439067375404 600.0 600.0 -0.018550669381228818
91 SIMPLE_RADIAL 1200 1200 1176.0834659228512 600.0 600.0 0.05777752210560932
92 SIMPLE_RADIAL 1200 1200 1172.3924561616566 600.0 600.0 0.05867446222653289
93 SIMPLE_RADIAL 1200 1200 726.721213911856 600.0 600.0 -0.011319743901242258
94 SIMPLE_RADIAL 1200 1200 2357.366520082537 600.0 600.0 0.0492659271598877
95 SIMPLE_RADIAL 1200 1200 2355.8583346408436 600.0 600.0 0.04099029111676494
96 SIMPLE_RADIAL 1200 1200 2353.491910537037 600.0 600.0 0.05627464889013621
97 SIMPLE_RADIAL 1200 1200 2364.709344919017 600.0 600.0 0.05112134241088063
98 SIMPLE_RADIAL 1200 1200 2362.805941070868 600.0 600.0 0.05505786472704015
99 SIMPLE_RADIAL 1200 1200 2348.2493675114597 600.0 600.0 0.06470472873263217
100 SIMPLE_RADIAL 1200 1200 728.2974223695514 600.0 600.0 -0.021194830651828898
101 SIMPLE_RADIAL 1200 1200 727.4034407647339 600.0 600.0 -0.024867207401959707
102 SIMPLE_RADIAL 1200 1200 727.2245332499912 600.0 600.0 0.00043953965229444835
103 SIMPLE_RADIAL 1200 1200 1175.9837003133437 600.0 600.0 0.05521797409617269
104 SIMPLE_RADIAL 1200 1200 1171.7731718824277 600.0 600.0 0.061141724533839745
105 SIMPLE_RADIAL 1200 1200 1176.5604659282953 600.0 600.0 0.04273207196206202
106 SIMPLE_RADIAL 1200 1200 1183.292777904719 600.0 600.0 0.04427975669743166
107 SIMPLE_RADIAL 1200 1200 1184.8233533868845 600.0 600.0 0.05381185314390901
108 SIMPLE_RADIAL 1200 1200 1177.539633347616 600.0 600.0 0.049255847503483906
109 SIMPLE_RADIAL 1200 1200 1173.5646520639202 600.0 600.0 0.05826209209961892
110 SIMPLE_RADIAL 1200 1200 2356.1989692141433 600.0 600.0 0.0402238175829353
111 SIMPLE_RADIAL 1200 1200 2357.7833313852234 600.0 600.0 0.036785614126951124
112 SIMPLE_RADIAL 1200 1200 2359.466447698868 600.0 600.0 0.05228272952529662
113 SIMPLE_RADIAL 1200 1200 2360.388917870003 600.0 600.0 0.04759396384018706
114 SIMPLE_RADIAL 1200 1200 2366.6618808097246 600.0 600.0 0.037416937694743704
115 SIMPLE_RADIAL 1200 1200 2354.3555164499703 600.0 600.0 0.04422869080521126
116 SIMPLE_RADIAL 1200 1200 2352.043858381502 600.0 600.0 0.05429689591358443
117 SIMPLE_RADIAL 1200 1200 1170.474887474123 600.0 600.0 0.05322439986491473
118 SIMPLE_RADIAL 1200 1200 1170.1566694347941 600.0 600.0 0.06533063152802429
119 SIMPLE_RADIAL 1200 1200 727.9506671408917 600.0 600.0 -0.03347674877262435
120 SIMPLE_RADIAL 1200 1200 728.4711415766064 600.0 600.0 -0.006989560793678939
121 SIMPLE_RADIAL 1200 1200 728.3237766688591 600.0 600.0 -0.003180983874094444
122 SIMPLE_RADIAL 1200 1200 720.8837686993243 600.0 600.0 -0.022811913465127513
123 SIMPLE_RADIAL 1200 1200 1174.0345879443842 600.0 600.0 0.04541609583543526
124 SIMPLE_RADIAL 1200 1200 1169.1916455560786 600.0 600.0 0.06201346983585131
125 SIMPLE_RADIAL 1200 1200 1170.1305157605493 600.0 600.0 0.058924299735555054
126 SIMPLE_RADIAL 1200 1200 1173.96599545927 600.0 600.0 0.057481548464810635
127 SIMPLE_RADIAL 1200 1200 1173.579774920287 600.0 600.0 0.06361067330613686
128 SIMPLE_RADIAL 1200 1200 1175.5492734511101 600.0 600.0 0.04450736650836614
129 SIMPLE_RADIAL 1200 1200 1178.9154171384184 600.0 600.0 0.04496921650385029
130 SIMPLE_RADIAL 1200 1200 1177.862536648303 600.0 600.0 0.04529106679164341
131 SIMPLE_RADIAL 1200 1200 1171.035504765538 600.0 600.0 0.06548623786734539
133 SIMPLE_RADIAL 1200 1200 1169.3505478136822 600.0 600.0 0.04673566369158971
134 SIMPLE_RADIAL 1200 1200 1173.687611133303 600.0 600.0 0.05606345169489991
135 SIMPLE_RADIAL 1200 1200 1182.7218109475052 600.0 600.0 0.037188162113296064
136 SIMPLE_RADIAL 1200 1200 1177.3355823633594 600.0 600.0 0.05045069471455911
137 SIMPLE_RADIAL 1200 1200 1176.3682404858673 600.0 600.0 0.046128178666985264
138 SIMPLE_RADIAL 1200 1200 1223.5301076920898 600.0 600.0 -0.5544103538690367
140 SIMPLE_RADIAL 1200 1200 1192.361443349123 600.0 600.0 -0.0022930640212562407
141 SIMPLE_RADIAL 1200 1200 1180.111342454313 600.0 600.0 0.09442942687939668
142 SIMPLE_RADIAL 1200 1200 1171.6028033257792 600.0 600.0 0.08442834494474352
143 SIMPLE_RADIAL 1200 1200 1177.6838948419443 600.0 600.0 0.050904695913136074
144 SIMPLE_RADIAL 1200 1200 1176.8804865140523 600.0 600.0 0.06385584071844012
145 SIMPLE_RADIAL 1200 1200 1179.193497835221 600.0 600.0 0.045114706912171836
146 SIMPLE_RADIAL 1200 1200 1185.161881034025 600.0 600.0 0.07599274238409941
147 SIMPLE_RADIAL 1200 1200 739.8806887878543 600.0 600.0 -0.004933285388155872
148 SIMPLE_RADIAL 1200 1200 722.8029304901487 600.0 600.0 -0.01573403465440601
149 SIMPLE_RADIAL 1200 1200 1172.422208950928 600.0 600.0 0.06067584895674275
150 SIMPLE_RADIAL 1200 1200 1168.5319347927557 600.0 600.0 0.05853093987894
151 SIMPLE_RADIAL 1200 1200 1167.518812814317 600.0 600.0 0.04871213407127395
152 SIMPLE_RADIAL 1200 1200 1169.47357046551 600.0 600.0 0.04198454350079304
153 SIMPLE_RADIAL 1200 1200 1170.7466562809936 600.0 600.0 0.05790066872869403
164 SIMPLE_RADIAL 1200 1600 1170.6607959921178 600.0 800.0 0.06060945068297045
165 SIMPLE_RADIAL 1200 1600 1171.8160170583462 600.0 800.0 0.0480728141140934
166 SIMPLE_RADIAL 1200 1600 1171.4084514068873 600.0 800.0 0.07126477736633381
167 SIMPLE_RADIAL 1200 1600 1179.0027442457451 600.0 800.0 0.05298064922736859
168 SIMPLE_RADIAL 1200 1600 2359.2115229729548 600.0 800.0 0.026163207273700504
169 SIMPLE_RADIAL 1200 1600 2355.7526565822814 600.0 800.0 0.04982805026580343
170 SIMPLE_RADIAL 1200 1600 2362.884847426507 600.0 800.0 0.04849489672738831
171 SIMPLE_RADIAL 1200 1600 2345.596749466158 600.0 800.0 0.05719729525452641
172 SIMPLE_RADIAL 1200 1600 1178.010712929547 600.0 800.0 0.046442206964645266
173 SIMPLE_RADIAL 1200 1600 1182.1941129848362 600.0 800.0 0.038383976683896495
174 SIMPLE_RADIAL 1200 1600 1173.8273757247684 600.0 800.0 0.06459032009255011
175 SIMPLE_RADIAL 1200 1600 1179.6066143123082 600.0 800.0 0.0286735366327887
176 SIMPLE_RADIAL 1200 1600 1183.2771728913674 600.0 800.0 0.02038325146732832
